extent_alloc 1437158 21418883 705616 15219249
abt 0 0 0 0
blk_map 3063660597 6556904 2028366 1411191 767062 3846958533 0
bmbt 0 0 0 0
dir 24499118 2041330 1092366 3294638521
trans 20705 21992582 43
ig 8378943 2227665 16 6151301 23 5842384 4865145
log 461840 8012728 10673 693851 155938
push_ail 22030155 0 126474649 2366833 0 746962 270 2999329 0 180607
xstrat 1381861 0
rw 7399357 98356382
attr 351695129 49782 13614 36197
icluster 1569009 319380 2989586
vnodes 308894 0 0 0 5978544 5978544 5978544 0
buf 3063966800 438689 3063530297 3092214 3333516 438686 0 1320379 357010
abtb2 2174112 6927772 100292 96567 0 0 0 0 0 0 0 0 0 0 9047693
abtc2 4177249 11816785 2090482 2086757 0 0 0 0 0 0 0 0 0 0 49361355
bmbt2 14451 98346 177 23 0 0 0 0 0 0 0 0 0 0 401
ibt2 2891750 29141063 25950 10917 16 0 1773 285 10755 263 106 31 122 31 3725043
fibt2 3840334 7069344 82281 81933 0 0 0 0 0 0 0 0 0 0 1768162
rmapbt 0 0 0 0 0 0 0 0 0 0 0 0 0 0 0
refcntbt 0 0 0 0 0 0 0 0 0 0 0 0 0 0 0
qm 1145 0 0 1288 16737240 1 143 82 0
xpc 86721187840 58415162189 217570242934
debug 0
