extent_alloc 1437158 21418883 705616 15219249
abt 0 0 0 0
blk_map 3063660598 6556905 2028367 1411191 767062 3846958536 0
bmbt 0 0 0 0
dir 24499121 2041333 1092366 3294638521
trans 20705 21992587 43
ig 8378946 2227665 16 6151304 23 5842384 4865145
log 461840 8012728 10673 693851 155938
push_ail 22030160 0 126474651 2366833 0 746962 270 2999329 0 180607
xstrat 1381861 0
rw 7399358 98356382
attr 351695135 49782 13614 36197
icluster 1569009 319380 2989586
vnodes 308897 0 0 0 5978544 5978544 5978544 0
buf 3063966812 438689 3063530309 3092214 3333516 438686 0 1320379 357010
abtb2 2174112 6927772 100292 96567 0 0 0 0 0 0 0 0 0 0 9047693
abtc2 4177249 11816785 2090482 2086757 0 0 0 0 0 0 0 0 0 0 49361355
bmbt2 14451 98346 177 23 0 0 0 0 0 0 0 0 0 0 401
ibt2 2891753 29141091 25950 10917 16 0 1773 285 10755 263 106 31 122 31 3725043
fibt2 3840339 7069367 82281 81933 0 0 0 0 0 0 0 0 0 0 1768162
rmapbt 0 0 0 0 0 0 0 0 0 0 0 0 0 0 0
refcntbt 0 0 0 0 0 0 0 0 0 0 0 0 0 0 0
qm 1145 0 0 1288 16737240 1 143 82 0
xpc 86721187840 58415163248 217570242934
debug 0
